1319,2016,AZ_APACHE,17190,6783,increase_minimum_wage,8240.0,0.305,17083.0,0.6324000000000001,12709.0,2017.0,0.21,2017.0,0.478
1320,2016,AZ_COCHISE,26264,22976,increase_minimum_wage,28092.0,0.5740999999999999,17450.0,0.3566,23608.0,2017.0,0.142,2017.0,0.655
1321,2016,AZ_COCONINO,37145,21443,increase_minimum_wage,21108.0,0.3645000000000001,32404.0,0.5644,23382.0,2017.0,0.188,2017.0,0.69
1322,2016,AZ_GILA,11871,9548,increase_minimum_wage,14182.0,0.6388,7003.0,0.3155,20792.0,2017.0,0.17600000000000002,2017.0,0.495
1323,2016,AZ_GRAHAM,5015,6322,increase_minimum_wage,8025.0,0.6722,3301.0,0.2765,17168.0,2017.0,0.145,2017.0,0.501
1324,2016,AZ_GREENLEE,1853,1303,increase_minimum_wage,1892.0,0.5834,1092.0,0.3367,20516.0,2017.0,0.109,2017.0,0.537
1325,2016,AZ_LAPAZ,3127,2400,increase_minimum_wage,4003.0,0.6829000000000001,1575.0,0.2687,22200.0,2017.0,0.24,2017.0,0.34600000000000003
1326,2016,AZ_MARICOPA,887541,645398,increase_minimum_wage,747361.0,0.4863,702907.0,0.4574,27256.0,2017.0,0.156,2017.0,0.643
1327,2016,AZ_NAVAJO,38797,33744,increase_minimum_wage,20577.0,0.5256000000000001,16459.0,0.4204,16626.0,2017.0,0.18600000000000003,2017.0,0.509
1328,2016,AZ_MOHAVE,21507,16549,increase_minimum_wage,58282.0,0.7367,17455.0,0.2206,20833.0,2017.0,0.195,2017.0,0.47700000000000004
1329,2016,AZ_PIMA,247270,153749,increase_minimum_wage,167428.0,0.4045,224661.0,0.5428000000000001,25269.0,2017.0,0.16,2017.0,0.657
1330,2016,AZ_PINAL,68982,51548,increase_minimum_wage,72819.0,0.5725,47892.0,0.3765,20910.0,2017.0,0.14300000000000002,2017.0,0.5479999999999999
1331,2016,AZ_SANTACRUZ,10482,4161,increase_minimum_wage,3897.0,0.2445,11690.0,0.7158,17664.0,2017.0,0.207,2017.0,0.546
1332,2016,AZ_YAVAPAI,59806,50256,increase_minimum_wage,71330.0,0.634,35590.0,0.3163,25186.0,2017.0,0.18100000000000002,2017.0,0.596
1333,2016,AZ_YUMA,28789,20765,increase_minimum_wage,25165.0,0.4812,24605.0,0.4705,18840.0,2017.0,0.19399999999999998,2017.0,0.547
1334,2016,CO_ADAMS,111516,80381,increase_minimum_wage,80082.0,0.4135,96558.0,0.4986,24195.0,2017.0,0.153,2017.0,0.565
1335,2016,CO_ALAMOSA,3689,3203,increase_minimum_wage,3046.0,0.439,3189.0,0.4596,19487.0,2017.0,0.158,2017.0,0.588
1336,2016,CO_ARAPAHOE,172651,126526,increase_minimum_wage,117053.0,0.3863,159885.0,0.5276,32595.0,2017.0,0.122,2017.0,0.725
1337,2016,CO_ARCHULETA,3991,3202,increase_minimum_wage,4264.0,0.581,2500.0,0.3406,29793.0,2017.0,0.166,2017.0,0.589
1338,2016,CO_BACA,702,1399,increase_minimum_wage,1753.0,0.8142,283.0,0.13140000000000002,22318.0,2017.0,0.17300000000000001,2017.0,0.7
1339,2016,CO_BENT,778,1141,increase_minimum_wage,1188.0,0.6164999999999999,590.0,0.3062,15081.0,2017.0,0.126,2017.0,0.21899999999999997
1340,2016,CO_BOULDER,131176,53017,increase_minimum_wage,41396.0,0.22,132334.0,0.7034,38011.0,2017.0,0.099,2017.0,0.826
1341,2016,CO_BROOMFIELD,21066,16157,increase_minimum_wage,14367.0,0.3812,19731.0,0.5235,37442.0,2017.0,0.068,2017.0,0.86
1342,2016,CO_CHAFFEE,6225,4948,increase_minimum_wage,5391.0,0.4792,4888.0,0.4345000000000001,27182.0,2017.0,0.124,2017.0,0.594
1343,2016,CO_CHEYENNE,313,780,increase_minimum_wage,925.0,0.8393999999999999,132.0,0.1198,23647.0,2017.0,0.18,2017.0,0.621
1344,2016,CO_CLEARCREEK,3307,2533,increase_minimum_wage,2575.0,0.439,2729.0,0.4652000000000001,41716.0,2017.0,0.076,2017.0,0.77
1345,2016,CO_CONEJOS,1982,1967,increase_minimum_wage,1914.0,0.4759000000000001,1771.0,0.4403,17316.0,2017.0,0.145,2017.0,0.613
1346,2016,CO_COSTILLA,1215,597,increase_minimum_wage,588.0,0.3182,1125.0,0.6088,20742.0,2017.0,0.207,2017.0,0.33
1347,2016,CO_CROWLEY,564,951,increase_minimum_wage,1079.0,0.7066,339.0,0.222,17187.0,2017.0,0.127,2017.0,0.349
1348,2016,CO_CUSTER,1201,1858,increase_minimum_wage,2061.0,0.6722,797.0,0.2599,25761.0,2017.0,0.156,2017.0,0.5379999999999999
1349,2016,CO_DELTA,7126,9585,increase_minimum_wage,11655.0,0.6942,4087.0,0.2434,24771.0,2017.0,0.161,2017.0,0.431
1350,2016,CO_DENVER,230240,92033,increase_minimum_wage,62690.0,0.1889,244551.0,0.7369,33251.0,2017.0,0.14,2017.0,0.731
1351,2016,CO_DOLORES,515,709,increase_minimum_wage,944.0,0.7522,242.0,0.1928,22880.0,2017.0,0.159,2017.0,0.573
1352,2016,CO_DOUGLAS,84941,101429,increase_minimum_wage,102573.0,0.5471,68657.0,0.3662,43634.0,2017.0,0.051,2017.0,0.872
1353,2016,CO_EAGLE,15963,8637,increase_minimum_wage,8990.0,0.3564,14099.0,0.5589999999999999,39497.0,2017.0,0.17,2017.0,0.6759999999999999
1354,2016,CO_ELPASO,145054,168990,increase_minimum_wage,179228.0,0.5619,108010.0,0.3386,28867.0,2017.0,0.102,2017.0,0.747
1355,2016,CO_ELBERT,5533,10393,increase_minimum_wage,11705.0,0.7326,3134.0,0.1961,36077.0,2017.0,0.092,2017.0,0.711
1356,2016,CO_FREMONT,9477,12462,increase_minimum_wage,15122.0,0.6881999999999999,5297.0,0.2411,18954.0,2017.0,0.122,2017.0,0.363
1357,2016,CO_GARFIELD,14990,11278,increase_minimum_wage,13132.0,0.4961,11271.0,0.4258,26603.0,2017.0,0.18100000000000002,2017.0,0.568
1358,2016,CO_GILPIN,2130,1426,increase_minimum_wage,1566.0,0.4379,1634.0,0.4569,38022.0,2017.0,0.065,2017.0,0.753
1359,2016,CO_GRAND,4305,4126,increase_minimum_wage,4494.0,0.5233,3358.0,0.391,31684.0,2017.0,0.138,2017.0,0.608
1360,2016,CO_GUNNISON,5739,3639,increase_minimum_wage,3289.0,0.3494,5128.0,0.5448,27654.0,2017.0,0.15,2017.0,0.774
1361,2016,CO_HINSDALE,251,340,increase_minimum_wage,339.0,0.5756,197.0,0.3345,36365.0,2017.0,0.154,2017.0,0.8029999999999999
1362,2016,CO_HUERFANO,2083,1617,increase_minimum_wage,1883.0,0.4978,1633.0,0.4317,24058.0,2017.0,0.14,2017.0,0.614
1363,2016,CO_JACKSON,330,503,increase_minimum_wage,629.0,0.7304999999999999,171.0,0.1986,25936.0,2017.0,0.175,2017.0,0.551
1364,2016,CO_JEFFERSON,175844,151741,increase_minimum_wage,138177.0,0.4201,160776.0,0.4889,36087.0,2017.0,0.092,2017.0,0.759
1365,2016,CO_KIOWA,194,629,increase_minimum_wage,728.0,0.8515,91.0,0.1064,22482.0,2017.0,0.124,2017.0,0.6859999999999999
1366,2016,CO_KITCARSON,1166,2485,increase_minimum_wage,2967.0,0.8015000000000001,536.0,0.1448,21850.0,2017.0,0.168,2017.0,0.431
1367,2016,CO_LAPLATA,18864,11641,increase_minimum_wage,12587.0,0.4041,15525.0,0.4984,30151.0,2017.0,0.138,2017.0,0.7609999999999999
1368,2016,CO_LAKE,1975,1203,increase_minimum_wage,1270.0,0.397,1616.0,0.5052,25029.0,2017.0,0.172,2017.0,0.5479999999999999
1369,2016,CO_LARIMER,105678,86375,increase_minimum_wage,83430.0,0.4257,93113.0,0.4751,30740.0,2017.0,0.10300000000000001,2017.0,0.807
1370,2016,CO_LASANIMAS,3682,2975,increase_minimum_wage,3710.0,0.5462,2650.0,0.3901,22180.0,2017.0,0.135,2017.0,0.5670000000000001
1371,2016,CO_LINCOLN,751,1654,increase_minimum_wage,1892.0,0.7767000000000001,409.0,0.1679,19703.0,2017.0,0.11900000000000001,2017.0,0.295
1372,2016,CO_LOGAN,3229,6365,increase_minimum_wage,7282.0,0.7490000000000001,1851.0,0.1904,22581.0,2017.0,0.132,2017.0,0.546
1373,2016,CO_MESA,34507,42751,increase_minimum_wage,49779.0,0.6409999999999999,21729.0,0.2798,26700.0,2017.0,0.13,2017.0,0.608
1374,2016,CO_MINERAL,344,303,increase_minimum_wage,344.0,0.5276,237.0,0.3635,42255.0,2017.0,0.12,2017.0,0.7809999999999999
1375,2016,CO_MOFFAT,2493,3923,increase_minimum_wage,5305.0,0.813,874.0,0.13390000000000002,24577.0,2017.0,0.124,2017.0,0.494
1376,2016,CO_MONTEZUMA,6426,6121,increase_minimum_wage,7853.0,0.6107,3973.0,0.309,23548.0,2017.0,0.175,2017.0,0.615
1377,2016,CO_MONTROSE,8959,12050,increase_minimum_wage,14382.0,0.6788,5466.0,0.258,22897.0,2017.0,0.158,2017.0,0.5329999999999999
1378,2016,CO_MORGAN,4823,7064,increase_minimum_wage,8145.0,0.6809999999999999,3151.0,0.2635,20680.0,2017.0,0.158,2017.0,0.504
1379,2016,CO_OTERO,3608,4897,increase_minimum_wage,4928.0,0.5831000000000001,2943.0,0.3482,19078.0,2017.0,0.14,2017.0,0.588
1380,2016,CO_OURAY,2002,1294,increase_minimum_wage,1351.0,0.4082,1697.0,0.5127,33015.0,2017.0,0.12300000000000001,2017.0,0.773
1381,2016,CO_PARK,4916,5375,increase_minimum_wage,6135.0,0.5889,3421.0,0.3284,31504.0,2017.0,0.11800000000000001,2017.0,0.73
1382,2016,CO_PHILLIPS,711,1580,increase_minimum_wage,1791.0,0.768,436.0,0.187,20720.0,2017.0,0.161,2017.0,0.547
1383,2016,CO_PITKIN,7794,2462,increase_minimum_wage,2550.0,0.2423,7333.0,0.6969,51814.0,2017.0,0.13699999999999998,2017.0,0.7859999999999999
1384,2016,CO_PROWERS,1739,3230,increase_minimum_wage,3531.0,0.7039,1186.0,0.2364,18941.0,2017.0,0.174,2017.0,0.57
1385,2016,CO_PUEBLO,40210,37949,increase_minimum_wage,36265.0,0.4611,35875.0,0.4562,21940.0,2017.0,0.115,2017.0,0.627
1386,2016,CO_RIOBLANCO,1064,2298,increase_minimum_wage,2791.0,0.809,436.0,0.1264,27586.0,2017.0,0.12300000000000001,2017.0,0.601
1387,2016,CO_RIOGRANDE,2683,2921,increase_minimum_wage,3085.0,0.5575,2001.0,0.3616,20557.0,2017.0,0.154,2017.0,0.602
1388,2016,CO_ROUTT,8684,5281,increase_minimum_wage,5230.0,0.3739,7600.0,0.5434,34873.0,2017.0,0.11599999999999999,2017.0,0.768
1389,2016,CO_SAGUACHE,1816,997,increase_minimum_wage,1147.0,0.4046,1417.0,0.4998,20726.0,2017.0,0.22399999999999998,2017.0,0.488
1390,2016,CO_SANJUAN,303,179,increase_minimum_wage,215.0,0.4249,265.0,0.5236999999999999,24711.0,2017.0,0.131,2017.0,0.619
1391,2016,CO_SANMIGUEL,3180,1066,increase_minimum_wage,1033.0,0.2386,2975.0,0.6872,40827.0,2017.0,0.134,2017.0,0.715
1392,2016,CO_SEDGWICK,509,839,increase_minimum_wage,1015.0,0.7441,267.0,0.1957,21536.0,2017.0,0.14400000000000002,2017.0,0.647
1393,2016,CO_SUMMIT,10180,5733,increase_minimum_wage,5100.0,0.3153,9557.0,0.5909,34025.0,2017.0,0.13,2017.0,0.76
1394,2016,CO_TELLER,5943,8247,increase_minimum_wage,9745.0,0.6747,3603.0,0.2494,31075.0,2017.0,0.102,2017.0,0.6579999999999999
1395,2016,CO_WASHINGTON,700,1988,increase_minimum_wage,2299.0,0.8412000000000001,296.0,0.1083,24977.0,2017.0,0.134,2017.0,0.6809999999999999
1396,2016,CO_WELD,62452,71418,increase_minimum_wage,76651.0,0.5660000000000001,46519.0,0.34450000000000003,25468.0,2017.0,0.121,2017.0,0.619
1397,2016,CO_YUMA,1421,3328,increase_minimum_wage,3850.0,0.8036,726.0,0.1515,22498.0,2017.0,0.16699999999999998,2017.0,0.685
2251,2016,ME_ANDROSCOGGIN,28795,27735,increase_minimum_wage,28227.0,0.507,23009.0,0.413,24442.0,2017.0,0.12,2017.0,0.627
2252,2016,ME_AROOSTOOK,19010,16378,increase_minimum_wage,19419.0,0.5529999999999999,13386.0,0.381,21566.0,2017.0,0.149,2017.0,0.613
2253,2016,ME_CUMBERLAND,106325,67431,increase_minimum_wage,57709.0,0.335,102981.0,0.599,32880.0,2017.0,0.10400000000000001,2017.0,0.745
2254,2016,ME_FRANKLIN,8740,8108,increase_minimum_wage,7918.0,0.48,7016.0,0.425,22083.0,2017.0,0.138,2017.0,0.61
2255,2016,ME_HANCOCK,18037,14499,increase_minimum_wage,13705.0,0.426,16117.0,0.501,27797.0,2017.0,0.151,2017.0,0.625
2256,2016,ME_KENNEBEC,34519,32589,increase_minimum_wage,31675.0,0.478,29302.0,0.442,25770.0,2017.0,0.106,2017.0,0.627
2257,2016,ME_KNOX,14169,9294,increase_minimum_wage,9148.0,0.395,12443.0,0.537,27865.0,2017.0,0.142,2017.0,0.5670000000000001
2258,2016,ME_LINCOLN,12297,9567,increase_minimum_wage,9727.0,0.452,10241.0,0.476,28070.0,2017.0,0.145,2017.0,0.625
2259,2016,ME_OXFORD,16957,14919,increase_minimum_wage,16210.0,0.519,12172.0,0.39,21441.0,2017.0,0.142,2017.0,0.496
2260,2016,ME_PENOBSCOT,38247,43383,increase_minimum_wage,41622.0,0.516,32838.0,0.407,23895.0,2017.0,0.14300000000000002,2017.0,0.66
2261,2016,ME_PISCATAQUIS,4214,5150,increase_minimum_wage,5406.0,0.588,3098.0,0.337,21818.0,2017.0,0.145,2017.0,0.521
2262,2016,ME_SAGADAHOC,12446,9588,increase_minimum_wage,9304.0,0.4,10664.0,0.503,28829.0,2017.0,0.109,2017.0,0.64
2263,2016,ME_SOMERSET,12414,14036,increase_minimum_wage,15001.0,0.575,9092.0,0.348,21513.0,2017.0,0.145,2017.0,0.551
2264,2016,ME_WALDO,12484,10532,increase_minimum_wage,10378.0,0.457,10440.0,0.459,22853.0,2017.0,0.138,2017.0,0.626
2265,2016,ME_WASHINGTON,9050,7668,increase_minimum_wage,9093.0,0.555,6075.0,0.371,20807.0,2017.0,0.17800000000000002,2017.0,0.527
2266,2016,ME_YORK,70203,45840,increase_minimum_wage,50403.0,0.441,55844.0,0.488,29125.0,2017.0,0.11,2017.0,0.68
